{
 "cells": [
  {
   "cell_type": "markdown",
   "metadata": {},
   "source": [
    "some text\n",
    "\n",
    "# GeneData1\n",
    "\n",
    "Some text\n",
    "\n",
    "## Sub-title\n",
    "\n",
    "_italics_\n",
    "\n",
    "**bold**\n",
    "\n",
    "- List item 1\n",
    "- List item 2\n",
    "        -List item 2.1\n",
    "     \n",
    "You can do a formula: a^2 + b^2 = c^2\n"
   ]
  },
  {
   "cell_type": "code",
   "execution_count": 8,
   "metadata": {
    "collapsed": false
   },
   "outputs": [],
   "source": [
    "suppressPackageStartupMessages(library(Biobase))"
   ]
  },
  {
   "cell_type": "code",
   "execution_count": 9,
   "metadata": {
    "collapsed": false
   },
   "outputs": [],
   "source": [
    "data(geneData)"
   ]
  },
  {
   "cell_type": "code",
   "execution_count": 10,
   "metadata": {
    "collapsed": true
   },
   "outputs": [],
   "source": [
    "data(geneCovariate)"
   ]
  },
  {
   "cell_type": "code",
   "execution_count": 11,
   "metadata": {
    "collapsed": false
   },
   "outputs": [
    {
     "data": {
      "text/html": [
       "<table>\n",
       "<thead><tr><th></th><th scope=col>A</th><th scope=col>B</th><th scope=col>C</th><th scope=col>D</th><th scope=col>E</th><th scope=col>F</th><th scope=col>G</th><th scope=col>H</th><th scope=col>I</th><th scope=col>J</th><th scope=col>K</th><th scope=col>L</th><th scope=col>M</th><th scope=col>N</th><th scope=col>O</th><th scope=col>P</th><th scope=col>Q</th><th scope=col>R</th><th scope=col>S</th><th scope=col>T</th><th scope=col>U</th><th scope=col>V</th><th scope=col>W</th><th scope=col>X</th><th scope=col>Y</th><th scope=col>Z</th></tr></thead>\n",
       "<tbody>\n",
       "\t<tr><th scope=row>AFFX-MurIL2_at</th><td>192.7420</td><td> 85.7533</td><td>176.7570</td><td>135.5750</td><td> 64.4939</td><td> 76.3569</td><td>160.5050</td><td> 65.9631</td><td> 56.9039</td><td>135.6080</td><td> 63.4432</td><td> 78.2126</td><td> 83.0943</td><td> 89.3372</td><td> 91.0615</td><td> 95.9377</td><td>179.8450</td><td>152.4670</td><td>180.8340</td><td> 85.4146</td><td>157.9890</td><td>146.8000</td><td> 93.8829</td><td>103.8550</td><td> 64.4340</td><td>175.6150</td></tr>\n",
       "\t<tr><th scope=row>AFFX-MurIL10_at</th><td> 97.13700</td><td>126.19600</td><td> 77.92160</td><td> 93.37130</td><td> 24.39860</td><td> 85.50880</td><td> 98.90860</td><td> 81.69320</td><td> 97.80150</td><td> 90.48380</td><td> 70.57330</td><td> 94.54180</td><td> 75.34550</td><td> 68.58270</td><td> 87.40500</td><td> 84.45810</td><td> 87.68060</td><td>108.03200</td><td>134.26300</td><td> 91.40310</td><td> -8.68811</td><td> 85.02120</td><td> 79.29980</td><td> 71.65520</td><td> 64.23690</td><td> 78.70680</td></tr>\n",
       "\t<tr><th scope=row>AFFX-MurIL4_at</th><td>45.81920</td><td> 8.83135</td><td>33.06320</td><td>28.70720</td><td> 5.94492</td><td>28.29250</td><td>30.96940</td><td>14.79230</td><td>14.23990</td><td>34.48740</td><td>20.35210</td><td>14.15540</td><td>20.62510</td><td>15.92310</td><td>20.15790</td><td>27.81390</td><td>32.79110</td><td>33.52920</td><td>19.81720</td><td>20.41900</td><td>26.87200</td><td>31.14880</td><td>22.34200</td><td>19.01350</td><td>12.16860</td><td>17.37800</td></tr>\n",
       "\t<tr><th scope=row>AFFX-MurFAS_at</th><td>22.54450</td><td> 3.60093</td><td>14.68830</td><td>12.33970</td><td>36.86630</td><td>11.25680</td><td>23.00340</td><td>16.21340</td><td>12.03750</td><td> 4.54978</td><td> 8.51782</td><td>27.28520</td><td>10.16160</td><td>20.24880</td><td>15.78490</td><td>14.32760</td><td>15.94880</td><td>14.67530</td><td>-7.91911</td><td>12.88750</td><td>11.91860</td><td>12.83240</td><td>11.13900</td><td> 7.55564</td><td>19.98490</td><td> 8.96849</td></tr>\n",
       "\t<tr><th scope=row>AFFX-BioB-5_at</th><td> 96.7875</td><td> 30.4380</td><td> 46.1271</td><td> 70.9319</td><td> 56.1744</td><td> 42.6756</td><td> 86.5156</td><td> 30.7927</td><td> 19.7183</td><td> 46.3520</td><td> 39.1326</td><td> 41.7698</td><td> 80.2197</td><td> 36.4903</td><td> 36.4021</td><td> 35.3054</td><td> 58.6239</td><td>114.0620</td><td> 93.4402</td><td> 22.5168</td><td> 48.6462</td><td> 90.2215</td><td> 42.0053</td><td> 57.5738</td><td> 44.8216</td><td> 61.7044</td></tr>\n",
       "\t<tr><th scope=row>AFFX-BioB-M_at</th><td> 89.0730</td><td> 25.8461</td><td> 57.2033</td><td> 69.9766</td><td> 49.5822</td><td> 26.1262</td><td> 75.0083</td><td> 42.3352</td><td> 41.1207</td><td> 91.5307</td><td> 39.9136</td><td> 49.8397</td><td> 63.4794</td><td> 24.7007</td><td> 47.4641</td><td> 47.3578</td><td> 58.1331</td><td>104.1220</td><td>115.8310</td><td> 58.1224</td><td> 73.4221</td><td> 64.6066</td><td> 40.3068</td><td> 41.8209</td><td> 46.1087</td><td> 49.4122</td></tr>\n",
       "</tbody>\n",
       "</table>\n"
      ],
      "text/latex": [
       "\\begin{tabular}{r|llllllllllllllllllllllllll}\n",
       "  & A & B & C & D & E & F & G & H & I & J & K & L & M & N & O & P & Q & R & S & T & U & V & W & X & Y & Z\\\\\n",
       "\\hline\n",
       "\tAFFX-MurIL2_at & 192.7420 &  85.7533 & 176.7570 & 135.5750 &  64.4939 &  76.3569 & 160.5050 &  65.9631 &  56.9039 & 135.6080 &  63.4432 &  78.2126 &  83.0943 &  89.3372 &  91.0615 &  95.9377 & 179.8450 & 152.4670 & 180.8340 &  85.4146 & 157.9890 & 146.8000 &  93.8829 & 103.8550 &  64.4340 & 175.6150\\\\\n",
       "\tAFFX-MurIL10_at &  97.13700 & 126.19600 &  77.92160 &  93.37130 &  24.39860 &  85.50880 &  98.90860 &  81.69320 &  97.80150 &  90.48380 &  70.57330 &  94.54180 &  75.34550 &  68.58270 &  87.40500 &  84.45810 &  87.68060 & 108.03200 & 134.26300 &  91.40310 &  -8.68811 &  85.02120 &  79.29980 &  71.65520 &  64.23690 &  78.70680\\\\\n",
       "\tAFFX-MurIL4_at & 45.81920 &  8.83135 & 33.06320 & 28.70720 &  5.94492 & 28.29250 & 30.96940 & 14.79230 & 14.23990 & 34.48740 & 20.35210 & 14.15540 & 20.62510 & 15.92310 & 20.15790 & 27.81390 & 32.79110 & 33.52920 & 19.81720 & 20.41900 & 26.87200 & 31.14880 & 22.34200 & 19.01350 & 12.16860 & 17.37800\\\\\n",
       "\tAFFX-MurFAS_at & 22.54450 &  3.60093 & 14.68830 & 12.33970 & 36.86630 & 11.25680 & 23.00340 & 16.21340 & 12.03750 &  4.54978 &  8.51782 & 27.28520 & 10.16160 & 20.24880 & 15.78490 & 14.32760 & 15.94880 & 14.67530 & -7.91911 & 12.88750 & 11.91860 & 12.83240 & 11.13900 &  7.55564 & 19.98490 &  8.96849\\\\\n",
       "\tAFFX-BioB-5_at &  96.7875 &  30.4380 &  46.1271 &  70.9319 &  56.1744 &  42.6756 &  86.5156 &  30.7927 &  19.7183 &  46.3520 &  39.1326 &  41.7698 &  80.2197 &  36.4903 &  36.4021 &  35.3054 &  58.6239 & 114.0620 &  93.4402 &  22.5168 &  48.6462 &  90.2215 &  42.0053 &  57.5738 &  44.8216 &  61.7044\\\\\n",
       "\tAFFX-BioB-M_at &  89.0730 &  25.8461 &  57.2033 &  69.9766 &  49.5822 &  26.1262 &  75.0083 &  42.3352 &  41.1207 &  91.5307 &  39.9136 &  49.8397 &  63.4794 &  24.7007 &  47.4641 &  47.3578 &  58.1331 & 104.1220 & 115.8310 &  58.1224 &  73.4221 &  64.6066 &  40.3068 &  41.8209 &  46.1087 &  49.4122\\\\\n",
       "\\end{tabular}\n"
      ],
      "text/markdown": [
       "1. 192.742\n",
       "2. 97.137\n",
       "3. 45.8192\n",
       "4. 22.5445\n",
       "5. 96.7875\n",
       "6. 89.073\n",
       "7. 85.7533\n",
       "8. 126.196\n",
       "9. 8.83135\n",
       "10. 3.60093\n",
       "11. 30.438\n",
       "12. 25.8461\n",
       "13. 176.757\n",
       "14. 77.9216\n",
       "15. 33.0632\n",
       "16. 14.6883\n",
       "17. 46.1271\n",
       "18. 57.2033\n",
       "19. 135.575\n",
       "20. 93.3713\n",
       "21. 28.7072\n",
       "22. 12.3397\n",
       "23. 70.9319\n",
       "24. 69.9766\n",
       "25. 64.4939\n",
       "26. 24.3986\n",
       "27. 5.94492\n",
       "28. 36.8663\n",
       "29. 56.1744\n",
       "30. 49.5822\n",
       "31. 76.3569\n",
       "32. 85.5088\n",
       "33. 28.2925\n",
       "34. 11.2568\n",
       "35. 42.6756\n",
       "36. 26.1262\n",
       "37. 160.505\n",
       "38. 98.9086\n",
       "39. 30.9694\n",
       "40. 23.0034\n",
       "41. 86.5156\n",
       "42. 75.0083\n",
       "43. 65.9631\n",
       "44. 81.6932\n",
       "45. 14.7923\n",
       "46. 16.2134\n",
       "47. 30.7927\n",
       "48. 42.3352\n",
       "49. 56.9039\n",
       "50. 97.8015\n",
       "51. 14.2399\n",
       "52. 12.0375\n",
       "53. 19.7183\n",
       "54. 41.1207\n",
       "55. 135.608\n",
       "56. 90.4838\n",
       "57. 34.4874\n",
       "58. 4.54978\n",
       "59. 46.352\n",
       "60. 91.5307\n",
       "61. 63.4432\n",
       "62. 70.5733\n",
       "63. 20.3521\n",
       "64. 8.51782\n",
       "65. 39.1326\n",
       "66. 39.9136\n",
       "67. 78.2126\n",
       "68. 94.5418\n",
       "69. 14.1554\n",
       "70. 27.2852\n",
       "71. 41.7698\n",
       "72. 49.8397\n",
       "73. 83.0943\n",
       "74. 75.3455\n",
       "75. 20.6251\n",
       "76. 10.1616\n",
       "77. 80.2197\n",
       "78. 63.4794\n",
       "79. 89.3372\n",
       "80. 68.5827\n",
       "81. 15.9231\n",
       "82. 20.2488\n",
       "83. 36.4903\n",
       "84. 24.7007\n",
       "85. 91.0615\n",
       "86. 87.405\n",
       "87. 20.1579\n",
       "88. 15.7849\n",
       "89. 36.4021\n",
       "90. 47.4641\n",
       "91. 95.9377\n",
       "92. 84.4581\n",
       "93. 27.8139\n",
       "94. 14.3276\n",
       "95. 35.3054\n",
       "96. 47.3578\n",
       "97. 179.845\n",
       "98. 87.6806\n",
       "99. 32.7911\n",
       "100. 15.9488\n",
       "101. 58.6239\n",
       "102. 58.1331\n",
       "103. 152.467\n",
       "104. 108.032\n",
       "105. 33.5292\n",
       "106. 14.6753\n",
       "107. 114.062\n",
       "108. 104.122\n",
       "109. 180.834\n",
       "110. 134.263\n",
       "111. 19.8172\n",
       "112. -7.91911\n",
       "113. 93.4402\n",
       "114. 115.831\n",
       "115. 85.4146\n",
       "116. 91.4031\n",
       "117. 20.419\n",
       "118. 12.8875\n",
       "119. 22.5168\n",
       "120. 58.1224\n",
       "121. 157.989\n",
       "122. -8.68811\n",
       "123. 26.872\n",
       "124. 11.9186\n",
       "125. 48.6462\n",
       "126. 73.4221\n",
       "127. 146.8\n",
       "128. 85.0212\n",
       "129. 31.1488\n",
       "130. 12.8324\n",
       "131. 90.2215\n",
       "132. 64.6066\n",
       "133. 93.8829\n",
       "134. 79.2998\n",
       "135. 22.342\n",
       "136. 11.139\n",
       "137. 42.0053\n",
       "138. 40.3068\n",
       "139. 103.855\n",
       "140. 71.6552\n",
       "141. 19.0135\n",
       "142. 7.55564\n",
       "143. 57.5738\n",
       "144. 41.8209\n",
       "145. 64.434\n",
       "146. 64.2369\n",
       "147. 12.1686\n",
       "148. 19.9849\n",
       "149. 44.8216\n",
       "150. 46.1087\n",
       "151. 175.615\n",
       "152. 78.7068\n",
       "153. 17.378\n",
       "154. 8.96849\n",
       "155. 61.7044\n",
       "156. 49.4122\n",
       "\n",
       "\n"
      ],
      "text/plain": [
       "                       A         B        C        D        E       F        G\n",
       "AFFX-MurIL2_at  192.7420  85.75330 176.7570 135.5750 64.49390 76.3569 160.5050\n",
       "AFFX-MurIL10_at  97.1370 126.19600  77.9216  93.3713 24.39860 85.5088  98.9086\n",
       "AFFX-MurIL4_at   45.8192   8.83135  33.0632  28.7072  5.94492 28.2925  30.9694\n",
       "AFFX-MurFAS_at   22.5445   3.60093  14.6883  12.3397 36.86630 11.2568  23.0034\n",
       "AFFX-BioB-5_at   96.7875  30.43800  46.1271  70.9319 56.17440 42.6756  86.5156\n",
       "AFFX-BioB-M_at   89.0730  25.84610  57.2033  69.9766 49.58220 26.1262  75.0083\n",
       "                      H       I         J        K       L       M       N\n",
       "AFFX-MurIL2_at  65.9631 56.9039 135.60800 63.44320 78.2126 83.0943 89.3372\n",
       "AFFX-MurIL10_at 81.6932 97.8015  90.48380 70.57330 94.5418 75.3455 68.5827\n",
       "AFFX-MurIL4_at  14.7923 14.2399  34.48740 20.35210 14.1554 20.6251 15.9231\n",
       "AFFX-MurFAS_at  16.2134 12.0375   4.54978  8.51782 27.2852 10.1616 20.2488\n",
       "AFFX-BioB-5_at  30.7927 19.7183  46.35200 39.13260 41.7698 80.2197 36.4903\n",
       "AFFX-BioB-M_at  42.3352 41.1207  91.53070 39.91360 49.8397 63.4794 24.7007\n",
       "                      O       P        Q        R         S       T         U\n",
       "AFFX-MurIL2_at  91.0615 95.9377 179.8450 152.4670 180.83400 85.4146 157.98900\n",
       "AFFX-MurIL10_at 87.4050 84.4581  87.6806 108.0320 134.26300 91.4031  -8.68811\n",
       "AFFX-MurIL4_at  20.1579 27.8139  32.7911  33.5292  19.81720 20.4190  26.87200\n",
       "AFFX-MurFAS_at  15.7849 14.3276  15.9488  14.6753  -7.91911 12.8875  11.91860\n",
       "AFFX-BioB-5_at  36.4021 35.3054  58.6239 114.0620  93.44020 22.5168  48.64620\n",
       "AFFX-BioB-M_at  47.4641 47.3578  58.1331 104.1220 115.83100 58.1224  73.42210\n",
       "                       V       W         X       Y         Z\n",
       "AFFX-MurIL2_at  146.8000 93.8829 103.85500 64.4340 175.61500\n",
       "AFFX-MurIL10_at  85.0212 79.2998  71.65520 64.2369  78.70680\n",
       "AFFX-MurIL4_at   31.1488 22.3420  19.01350 12.1686  17.37800\n",
       "AFFX-MurFAS_at   12.8324 11.1390   7.55564 19.9849   8.96849\n",
       "AFFX-BioB-5_at   90.2215 42.0053  57.57380 44.8216  61.70440\n",
       "AFFX-BioB-M_at   64.6066 40.3068  41.82090 46.1087  49.41220"
      ]
     },
     "execution_count": 11,
     "metadata": {},
     "output_type": "execute_result"
    }
   ],
   "source": [
    "head(geneData)"
   ]
  },
  {
   "cell_type": "code",
   "execution_count": 12,
   "metadata": {
    "collapsed": false
   },
   "outputs": [
    {
     "data": {
      "text/html": [
       "<table>\n",
       "<thead><tr><th></th><th scope=col>A</th><th scope=col>B</th><th scope=col>C</th><th scope=col>D</th><th scope=col>E</th><th scope=col>F</th><th scope=col>G</th><th scope=col>H</th><th scope=col>I</th><th scope=col>J</th><th scope=col>K</th><th scope=col>L</th><th scope=col>M</th><th scope=col>N</th><th scope=col>O</th><th scope=col>P</th><th scope=col>Q</th><th scope=col>R</th><th scope=col>S</th><th scope=col>T</th><th scope=col>U</th><th scope=col>V</th><th scope=col>W</th><th scope=col>X</th><th scope=col>Y</th><th scope=col>Z</th></tr></thead>\n",
       "<tbody>\n",
       "\t<tr><th scope=row>A</th><td>1.0000000</td><td>0.9471591</td><td>0.9191233</td><td>0.9403129</td><td>0.9689690</td><td>0.9621362</td><td>0.9529811</td><td>0.9167526</td><td>0.9512951</td><td>0.9551633</td><td>0.9577455</td><td>0.9521101</td><td>0.9660364</td><td>0.9256281</td><td>0.9505147</td><td>0.9583710</td><td>0.9266419</td><td>0.8351959</td><td>0.9367330</td><td>0.9361463</td><td>0.9561562</td><td>0.9661054</td><td>0.9756025</td><td>0.9280432</td><td>0.9619069</td><td>0.8521824</td></tr>\n",
       "\t<tr><th scope=row>B</th><td>0.9471591</td><td>1.0000000</td><td>0.8888108</td><td>0.9108174</td><td>0.9703906</td><td>0.9425248</td><td>0.9294308</td><td>0.9395067</td><td>0.9598302</td><td>0.9040160</td><td>0.9554950</td><td>0.9387149</td><td>0.9363966</td><td>0.9111815</td><td>0.9416247</td><td>0.9750415</td><td>0.9066921</td><td>0.8076620</td><td>0.8945220</td><td>0.9347058</td><td>0.9356221</td><td>0.9284404</td><td>0.9553050</td><td>0.9045575</td><td>0.9849656</td><td>0.8771754</td></tr>\n",
       "\t<tr><th scope=row>C</th><td>0.9191233</td><td>0.8888108</td><td>1.0000000</td><td>0.8788107</td><td>0.9077245</td><td>0.9078971</td><td>0.8965331</td><td>0.8491496</td><td>0.8666839</td><td>0.9180022</td><td>0.8825130</td><td>0.8653265</td><td>0.8950390</td><td>0.8308506</td><td>0.9033488</td><td>0.8998749</td><td>0.8563851</td><td>0.7867507</td><td>0.8610035</td><td>0.8711984</td><td>0.9143770</td><td>0.8983730</td><td>0.9143539</td><td>0.8694685</td><td>0.9037264</td><td>0.7777889</td></tr>\n",
       "\t<tr><th scope=row>D</th><td>0.9403129</td><td>0.9108174</td><td>0.8788107</td><td>1.0000000</td><td>0.9477058</td><td>0.9017977</td><td>0.8646251</td><td>0.8942693</td><td>0.9465725</td><td>0.9429816</td><td>0.9498613</td><td>0.9370808</td><td>0.9677822</td><td>0.9104521</td><td>0.9420488</td><td>0.9191437</td><td>0.9516053</td><td>0.7793671</td><td>0.9834202</td><td>0.9457186</td><td>0.9042153</td><td>0.9028912</td><td>0.9194420</td><td>0.9579395</td><td>0.9277055</td><td>0.8575473</td></tr>\n",
       "\t<tr><th scope=row>E</th><td>0.9689690</td><td>0.9703906</td><td>0.9077245</td><td>0.9477058</td><td>1.0000000</td><td>0.9531459</td><td>0.9162016</td><td>0.9460702</td><td>0.9645178</td><td>0.9448644</td><td>0.9692907</td><td>0.9548682</td><td>0.9627204</td><td>0.9426438</td><td>0.9425111</td><td>0.9769790</td><td>0.9448925</td><td>0.8050745</td><td>0.9431427</td><td>0.9618801</td><td>0.9333993</td><td>0.9269322</td><td>0.9658469</td><td>0.9513410</td><td>0.9756136</td><td>0.9074895</td></tr>\n",
       "\t<tr><th scope=row>F</th><td>0.9621362</td><td>0.9425248</td><td>0.9078971</td><td>0.9017977</td><td>0.9531459</td><td>1.0000000</td><td>0.9447130</td><td>0.9304229</td><td>0.9486105</td><td>0.9220875</td><td>0.9513666</td><td>0.9421283</td><td>0.9533117</td><td>0.9243330</td><td>0.9495962</td><td>0.9603879</td><td>0.9093864</td><td>0.8177779</td><td>0.8959847</td><td>0.9349397</td><td>0.9456911</td><td>0.9170207</td><td>0.9788746</td><td>0.9278391</td><td>0.9530767</td><td>0.8253583</td></tr>\n",
       "\t<tr><th scope=row>G</th><td>0.9529811</td><td>0.9294308</td><td>0.8965331</td><td>0.8646251</td><td>0.9162016</td><td>0.9447130</td><td>1.0000000</td><td>0.8505287</td><td>0.8979753</td><td>0.9075537</td><td>0.8977666</td><td>0.8866642</td><td>0.9209148</td><td>0.8482832</td><td>0.9391761</td><td>0.9260022</td><td>0.8322717</td><td>0.8472358</td><td>0.8619185</td><td>0.8578079</td><td>0.9612783</td><td>0.9657117</td><td>0.9381118</td><td>0.8584284</td><td>0.9438833</td><td>0.7514418</td></tr>\n",
       "\t<tr><th scope=row>H</th><td>0.9167526</td><td>0.9395067</td><td>0.8491496</td><td>0.8942693</td><td>0.9460702</td><td>0.9304229</td><td>0.8505287</td><td>1.0000000</td><td>0.9628548</td><td>0.8718870</td><td>0.9649225</td><td>0.9538941</td><td>0.9130707</td><td>0.9378084</td><td>0.8944423</td><td>0.9617925</td><td>0.9275125</td><td>0.7516430</td><td>0.8813369</td><td>0.9631713</td><td>0.8645365</td><td>0.8395676</td><td>0.9608561</td><td>0.9033842</td><td>0.9364736</td><td>0.8911233</td></tr>\n",
       "\t<tr><th scope=row>I</th><td>0.9512951</td><td>0.9598302</td><td>0.8666839</td><td>0.9465725</td><td>0.9645178</td><td>0.9486105</td><td>0.8979753</td><td>0.9628548</td><td>1.0000000</td><td>0.8994466</td><td>0.9923027</td><td>0.9788693</td><td>0.9692363</td><td>0.9482989</td><td>0.9358550</td><td>0.9727526</td><td>0.9588659</td><td>0.7981129</td><td>0.9370749</td><td>0.9682894</td><td>0.9127674</td><td>0.8945642</td><td>0.9695084</td><td>0.9427056</td><td>0.9624789</td><td>0.8783008</td></tr>\n",
       "\t<tr><th scope=row>J</th><td>0.9551633</td><td>0.9040160</td><td>0.9180022</td><td>0.9429816</td><td>0.9448644</td><td>0.9220875</td><td>0.9075537</td><td>0.8718870</td><td>0.8994466</td><td>1.0000000</td><td>0.9130843</td><td>0.9103863</td><td>0.9454418</td><td>0.8775219</td><td>0.9308065</td><td>0.9255004</td><td>0.9059977</td><td>0.7928134</td><td>0.9326874</td><td>0.9205522</td><td>0.9387786</td><td>0.9316362</td><td>0.9258285</td><td>0.9276369</td><td>0.9334534</td><td>0.8267933</td></tr>\n",
       "\t<tr><th scope=row>K</th><td>0.9577455</td><td>0.9554950</td><td>0.8825130</td><td>0.9498613</td><td>0.9692907</td><td>0.9513666</td><td>0.8977666</td><td>0.9649225</td><td>0.9923027</td><td>0.9130843</td><td>1.0000000</td><td>0.9828378</td><td>0.9673599</td><td>0.9537274</td><td>0.9370684</td><td>0.9765903</td><td>0.9594762</td><td>0.8027407</td><td>0.9448532</td><td>0.9693921</td><td>0.9131394</td><td>0.8958605</td><td>0.9755237</td><td>0.9449115</td><td>0.9610078</td><td>0.8888057</td></tr>\n",
       "\t<tr><th scope=row>L</th><td>0.9521101</td><td>0.9387149</td><td>0.8653265</td><td>0.9370808</td><td>0.9548682</td><td>0.9421283</td><td>0.8866642</td><td>0.9538941</td><td>0.9788693</td><td>0.9103863</td><td>0.9828378</td><td>1.0000000</td><td>0.9526565</td><td>0.9606881</td><td>0.9257493</td><td>0.9666350</td><td>0.9522082</td><td>0.7809955</td><td>0.9260431</td><td>0.9552189</td><td>0.9063983</td><td>0.8872303</td><td>0.9619779</td><td>0.9338568</td><td>0.9565577</td><td>0.8978662</td></tr>\n",
       "\t<tr><th scope=row>M</th><td>0.9660364</td><td>0.9363966</td><td>0.8950390</td><td>0.9677822</td><td>0.9627204</td><td>0.9533117</td><td>0.9209148</td><td>0.9130707</td><td>0.9692363</td><td>0.9454418</td><td>0.9673599</td><td>0.9526565</td><td>1.0000000</td><td>0.9172296</td><td>0.9487838</td><td>0.9530616</td><td>0.9469637</td><td>0.8172749</td><td>0.9676153</td><td>0.9586955</td><td>0.9355078</td><td>0.9243534</td><td>0.9594816</td><td>0.9621090</td><td>0.9534519</td><td>0.8276424</td></tr>\n",
       "\t<tr><th scope=row>N</th><td>0.9256281</td><td>0.9111815</td><td>0.8308506</td><td>0.9104521</td><td>0.9426438</td><td>0.9243330</td><td>0.8482832</td><td>0.9378084</td><td>0.9482989</td><td>0.8775219</td><td>0.9537274</td><td>0.9606881</td><td>0.9172296</td><td>1.0000000</td><td>0.8992479</td><td>0.9317073</td><td>0.9409377</td><td>0.7483399</td><td>0.9142418</td><td>0.9343868</td><td>0.8721609</td><td>0.8512553</td><td>0.9327314</td><td>0.9310063</td><td>0.9245582</td><td>0.9231264</td></tr>\n",
       "\t<tr><th scope=row>O</th><td>0.9505147</td><td>0.9416247</td><td>0.9033488</td><td>0.9420488</td><td>0.9425111</td><td>0.9495962</td><td>0.9391761</td><td>0.8944423</td><td>0.9358550</td><td>0.9308065</td><td>0.9370684</td><td>0.9257493</td><td>0.9487838</td><td>0.8992479</td><td>1.0000000</td><td>0.9413628</td><td>0.9040642</td><td>0.8221549</td><td>0.9164337</td><td>0.9121987</td><td>0.9566113</td><td>0.9427304</td><td>0.9445918</td><td>0.9216954</td><td>0.9567040</td><td>0.8046272</td></tr>\n",
       "\t<tr><th scope=row>P</th><td>0.9583710</td><td>0.9750415</td><td>0.8998749</td><td>0.9191437</td><td>0.9769790</td><td>0.9603879</td><td>0.9260022</td><td>0.9617925</td><td>0.9727526</td><td>0.9255004</td><td>0.9765903</td><td>0.9666350</td><td>0.9530616</td><td>0.9317073</td><td>0.9413628</td><td>1.0000000</td><td>0.9286213</td><td>0.8082875</td><td>0.9071398</td><td>0.9614384</td><td>0.9372602</td><td>0.9140365</td><td>0.9795374</td><td>0.9299698</td><td>0.9819216</td><td>0.8750338</td></tr>\n",
       "\t<tr><th scope=row>Q</th><td>0.9266419</td><td>0.9066921</td><td>0.8563851</td><td>0.9516053</td><td>0.9448925</td><td>0.9093864</td><td>0.8322717</td><td>0.9275125</td><td>0.9588659</td><td>0.9059977</td><td>0.9594762</td><td>0.9522082</td><td>0.9469637</td><td>0.9409377</td><td>0.9040642</td><td>0.9286213</td><td>1.0000000</td><td>0.7479696</td><td>0.9505346</td><td>0.9627917</td><td>0.8790836</td><td>0.8393755</td><td>0.9352825</td><td>0.9736140</td><td>0.9197670</td><td>0.9076218</td></tr>\n",
       "\t<tr><th scope=row>R</th><td>0.8351959</td><td>0.8076620</td><td>0.7867507</td><td>0.7793671</td><td>0.8050745</td><td>0.8177779</td><td>0.8472358</td><td>0.7516430</td><td>0.7981129</td><td>0.7928134</td><td>0.8027407</td><td>0.7809955</td><td>0.8172749</td><td>0.7483399</td><td>0.8221549</td><td>0.8082875</td><td>0.7479696</td><td>1.0000000</td><td>0.7733437</td><td>0.7600202</td><td>0.8309973</td><td>0.8316221</td><td>0.8210285</td><td>0.7591794</td><td>0.8137217</td><td>0.6645410</td></tr>\n",
       "\t<tr><th scope=row>S</th><td>0.9367330</td><td>0.8945220</td><td>0.8610035</td><td>0.9834202</td><td>0.9431427</td><td>0.8959847</td><td>0.8619185</td><td>0.8813369</td><td>0.9370749</td><td>0.9326874</td><td>0.9448532</td><td>0.9260431</td><td>0.9676153</td><td>0.9142418</td><td>0.9164337</td><td>0.9071398</td><td>0.9505346</td><td>0.7733437</td><td>1.0000000</td><td>0.9449046</td><td>0.8861258</td><td>0.8864899</td><td>0.9154419</td><td>0.9644700</td><td>0.9142963</td><td>0.8615926</td></tr>\n",
       "\t<tr><th scope=row>T</th><td>0.9361463</td><td>0.9347058</td><td>0.8711984</td><td>0.9457186</td><td>0.9618801</td><td>0.9349397</td><td>0.8578079</td><td>0.9631713</td><td>0.9682894</td><td>0.9205522</td><td>0.9693921</td><td>0.9552189</td><td>0.9586955</td><td>0.9343868</td><td>0.9121987</td><td>0.9614384</td><td>0.9627917</td><td>0.7600202</td><td>0.9449046</td><td>1.0000000</td><td>0.8911439</td><td>0.8570571</td><td>0.9609711</td><td>0.9661822</td><td>0.9367602</td><td>0.8775359</td></tr>\n",
       "\t<tr><th scope=row>U</th><td>0.9561562</td><td>0.9356221</td><td>0.9143770</td><td>0.9042153</td><td>0.9333993</td><td>0.9456911</td><td>0.9612783</td><td>0.8645365</td><td>0.9127674</td><td>0.9387786</td><td>0.9131394</td><td>0.9063983</td><td>0.9355078</td><td>0.8721609</td><td>0.9566113</td><td>0.9372602</td><td>0.8790836</td><td>0.8309973</td><td>0.8861258</td><td>0.8911439</td><td>1.0000000</td><td>0.9566607</td><td>0.9418688</td><td>0.9006750</td><td>0.9484904</td><td>0.7916754</td></tr>\n",
       "\t<tr><th scope=row>V</th><td>0.9661054</td><td>0.9284404</td><td>0.8983730</td><td>0.9028912</td><td>0.9269322</td><td>0.9170207</td><td>0.9657117</td><td>0.8395676</td><td>0.8945642</td><td>0.9316362</td><td>0.8958605</td><td>0.8872303</td><td>0.9243534</td><td>0.8512553</td><td>0.9427304</td><td>0.9140365</td><td>0.8393755</td><td>0.8316221</td><td>0.8864899</td><td>0.8570571</td><td>0.9566607</td><td>1.0000000</td><td>0.9196052</td><td>0.8564504</td><td>0.9446372</td><td>0.7693580</td></tr>\n",
       "\t<tr><th scope=row>W</th><td>0.9756025</td><td>0.9553050</td><td>0.9143539</td><td>0.9194420</td><td>0.9658469</td><td>0.9788746</td><td>0.9381118</td><td>0.9608561</td><td>0.9695084</td><td>0.9258285</td><td>0.9755237</td><td>0.9619779</td><td>0.9594816</td><td>0.9327314</td><td>0.9445918</td><td>0.9795374</td><td>0.9352825</td><td>0.8210285</td><td>0.9154419</td><td>0.9609711</td><td>0.9418688</td><td>0.9196052</td><td>1.0000000</td><td>0.9342643</td><td>0.9617708</td><td>0.8513371</td></tr>\n",
       "\t<tr><th scope=row>X</th><td>0.9280432</td><td>0.9045575</td><td>0.8694685</td><td>0.9579395</td><td>0.9513410</td><td>0.9278391</td><td>0.8584284</td><td>0.9033842</td><td>0.9427056</td><td>0.9276369</td><td>0.9449115</td><td>0.9338568</td><td>0.9621090</td><td>0.9310063</td><td>0.9216954</td><td>0.9299698</td><td>0.9736140</td><td>0.7591794</td><td>0.9644700</td><td>0.9661822</td><td>0.9006750</td><td>0.8564504</td><td>0.9342643</td><td>1.0000000</td><td>0.9236115</td><td>0.8746127</td></tr>\n",
       "\t<tr><th scope=row>Y</th><td>0.9619069</td><td>0.9849656</td><td>0.9037264</td><td>0.9277055</td><td>0.9756136</td><td>0.9530767</td><td>0.9438833</td><td>0.9364736</td><td>0.9624789</td><td>0.9334534</td><td>0.9610078</td><td>0.9565577</td><td>0.9534519</td><td>0.9245582</td><td>0.9567040</td><td>0.9819216</td><td>0.9197670</td><td>0.8137217</td><td>0.9142963</td><td>0.9367602</td><td>0.9484904</td><td>0.9446372</td><td>0.9617708</td><td>0.9236115</td><td>1.0000000</td><td>0.8791049</td></tr>\n",
       "\t<tr><th scope=row>Z</th><td>0.8521824</td><td>0.8771754</td><td>0.7777889</td><td>0.8575473</td><td>0.9074895</td><td>0.8253583</td><td>0.7514418</td><td>0.8911233</td><td>0.8783008</td><td>0.8267933</td><td>0.8888057</td><td>0.8978662</td><td>0.8276424</td><td>0.9231264</td><td>0.8046272</td><td>0.8750338</td><td>0.9076218</td><td>0.6645410</td><td>0.8615926</td><td>0.8775359</td><td>0.7916754</td><td>0.7693580</td><td>0.8513371</td><td>0.8746127</td><td>0.8791049</td><td>1.0000000</td></tr>\n",
       "</tbody>\n",
       "</table>\n"
      ],
      "text/latex": [
       "\\begin{tabular}{r|llllllllllllllllllllllllll}\n",
       "  & A & B & C & D & E & F & G & H & I & J & K & L & M & N & O & P & Q & R & S & T & U & V & W & X & Y & Z\\\\\n",
       "\\hline\n",
       "\tA & 1.0000000 & 0.9471591 & 0.9191233 & 0.9403129 & 0.9689690 & 0.9621362 & 0.9529811 & 0.9167526 & 0.9512951 & 0.9551633 & 0.9577455 & 0.9521101 & 0.9660364 & 0.9256281 & 0.9505147 & 0.9583710 & 0.9266419 & 0.8351959 & 0.9367330 & 0.9361463 & 0.9561562 & 0.9661054 & 0.9756025 & 0.9280432 & 0.9619069 & 0.8521824\\\\\n",
       "\tB & 0.9471591 & 1.0000000 & 0.8888108 & 0.9108174 & 0.9703906 & 0.9425248 & 0.9294308 & 0.9395067 & 0.9598302 & 0.9040160 & 0.9554950 & 0.9387149 & 0.9363966 & 0.9111815 & 0.9416247 & 0.9750415 & 0.9066921 & 0.8076620 & 0.8945220 & 0.9347058 & 0.9356221 & 0.9284404 & 0.9553050 & 0.9045575 & 0.9849656 & 0.8771754\\\\\n",
       "\tC & 0.9191233 & 0.8888108 & 1.0000000 & 0.8788107 & 0.9077245 & 0.9078971 & 0.8965331 & 0.8491496 & 0.8666839 & 0.9180022 & 0.8825130 & 0.8653265 & 0.8950390 & 0.8308506 & 0.9033488 & 0.8998749 & 0.8563851 & 0.7867507 & 0.8610035 & 0.8711984 & 0.9143770 & 0.8983730 & 0.9143539 & 0.8694685 & 0.9037264 & 0.7777889\\\\\n",
       "\tD & 0.9403129 & 0.9108174 & 0.8788107 & 1.0000000 & 0.9477058 & 0.9017977 & 0.8646251 & 0.8942693 & 0.9465725 & 0.9429816 & 0.9498613 & 0.9370808 & 0.9677822 & 0.9104521 & 0.9420488 & 0.9191437 & 0.9516053 & 0.7793671 & 0.9834202 & 0.9457186 & 0.9042153 & 0.9028912 & 0.9194420 & 0.9579395 & 0.9277055 & 0.8575473\\\\\n",
       "\tE & 0.9689690 & 0.9703906 & 0.9077245 & 0.9477058 & 1.0000000 & 0.9531459 & 0.9162016 & 0.9460702 & 0.9645178 & 0.9448644 & 0.9692907 & 0.9548682 & 0.9627204 & 0.9426438 & 0.9425111 & 0.9769790 & 0.9448925 & 0.8050745 & 0.9431427 & 0.9618801 & 0.9333993 & 0.9269322 & 0.9658469 & 0.9513410 & 0.9756136 & 0.9074895\\\\\n",
       "\tF & 0.9621362 & 0.9425248 & 0.9078971 & 0.9017977 & 0.9531459 & 1.0000000 & 0.9447130 & 0.9304229 & 0.9486105 & 0.9220875 & 0.9513666 & 0.9421283 & 0.9533117 & 0.9243330 & 0.9495962 & 0.9603879 & 0.9093864 & 0.8177779 & 0.8959847 & 0.9349397 & 0.9456911 & 0.9170207 & 0.9788746 & 0.9278391 & 0.9530767 & 0.8253583\\\\\n",
       "\tG & 0.9529811 & 0.9294308 & 0.8965331 & 0.8646251 & 0.9162016 & 0.9447130 & 1.0000000 & 0.8505287 & 0.8979753 & 0.9075537 & 0.8977666 & 0.8866642 & 0.9209148 & 0.8482832 & 0.9391761 & 0.9260022 & 0.8322717 & 0.8472358 & 0.8619185 & 0.8578079 & 0.9612783 & 0.9657117 & 0.9381118 & 0.8584284 & 0.9438833 & 0.7514418\\\\\n",
       "\tH & 0.9167526 & 0.9395067 & 0.8491496 & 0.8942693 & 0.9460702 & 0.9304229 & 0.8505287 & 1.0000000 & 0.9628548 & 0.8718870 & 0.9649225 & 0.9538941 & 0.9130707 & 0.9378084 & 0.8944423 & 0.9617925 & 0.9275125 & 0.7516430 & 0.8813369 & 0.9631713 & 0.8645365 & 0.8395676 & 0.9608561 & 0.9033842 & 0.9364736 & 0.8911233\\\\\n",
       "\tI & 0.9512951 & 0.9598302 & 0.8666839 & 0.9465725 & 0.9645178 & 0.9486105 & 0.8979753 & 0.9628548 & 1.0000000 & 0.8994466 & 0.9923027 & 0.9788693 & 0.9692363 & 0.9482989 & 0.9358550 & 0.9727526 & 0.9588659 & 0.7981129 & 0.9370749 & 0.9682894 & 0.9127674 & 0.8945642 & 0.9695084 & 0.9427056 & 0.9624789 & 0.8783008\\\\\n",
       "\tJ & 0.9551633 & 0.9040160 & 0.9180022 & 0.9429816 & 0.9448644 & 0.9220875 & 0.9075537 & 0.8718870 & 0.8994466 & 1.0000000 & 0.9130843 & 0.9103863 & 0.9454418 & 0.8775219 & 0.9308065 & 0.9255004 & 0.9059977 & 0.7928134 & 0.9326874 & 0.9205522 & 0.9387786 & 0.9316362 & 0.9258285 & 0.9276369 & 0.9334534 & 0.8267933\\\\\n",
       "\tK & 0.9577455 & 0.9554950 & 0.8825130 & 0.9498613 & 0.9692907 & 0.9513666 & 0.8977666 & 0.9649225 & 0.9923027 & 0.9130843 & 1.0000000 & 0.9828378 & 0.9673599 & 0.9537274 & 0.9370684 & 0.9765903 & 0.9594762 & 0.8027407 & 0.9448532 & 0.9693921 & 0.9131394 & 0.8958605 & 0.9755237 & 0.9449115 & 0.9610078 & 0.8888057\\\\\n",
       "\tL & 0.9521101 & 0.9387149 & 0.8653265 & 0.9370808 & 0.9548682 & 0.9421283 & 0.8866642 & 0.9538941 & 0.9788693 & 0.9103863 & 0.9828378 & 1.0000000 & 0.9526565 & 0.9606881 & 0.9257493 & 0.9666350 & 0.9522082 & 0.7809955 & 0.9260431 & 0.9552189 & 0.9063983 & 0.8872303 & 0.9619779 & 0.9338568 & 0.9565577 & 0.8978662\\\\\n",
       "\tM & 0.9660364 & 0.9363966 & 0.8950390 & 0.9677822 & 0.9627204 & 0.9533117 & 0.9209148 & 0.9130707 & 0.9692363 & 0.9454418 & 0.9673599 & 0.9526565 & 1.0000000 & 0.9172296 & 0.9487838 & 0.9530616 & 0.9469637 & 0.8172749 & 0.9676153 & 0.9586955 & 0.9355078 & 0.9243534 & 0.9594816 & 0.9621090 & 0.9534519 & 0.8276424\\\\\n",
       "\tN & 0.9256281 & 0.9111815 & 0.8308506 & 0.9104521 & 0.9426438 & 0.9243330 & 0.8482832 & 0.9378084 & 0.9482989 & 0.8775219 & 0.9537274 & 0.9606881 & 0.9172296 & 1.0000000 & 0.8992479 & 0.9317073 & 0.9409377 & 0.7483399 & 0.9142418 & 0.9343868 & 0.8721609 & 0.8512553 & 0.9327314 & 0.9310063 & 0.9245582 & 0.9231264\\\\\n",
       "\tO & 0.9505147 & 0.9416247 & 0.9033488 & 0.9420488 & 0.9425111 & 0.9495962 & 0.9391761 & 0.8944423 & 0.9358550 & 0.9308065 & 0.9370684 & 0.9257493 & 0.9487838 & 0.8992479 & 1.0000000 & 0.9413628 & 0.9040642 & 0.8221549 & 0.9164337 & 0.9121987 & 0.9566113 & 0.9427304 & 0.9445918 & 0.9216954 & 0.9567040 & 0.8046272\\\\\n",
       "\tP & 0.9583710 & 0.9750415 & 0.8998749 & 0.9191437 & 0.9769790 & 0.9603879 & 0.9260022 & 0.9617925 & 0.9727526 & 0.9255004 & 0.9765903 & 0.9666350 & 0.9530616 & 0.9317073 & 0.9413628 & 1.0000000 & 0.9286213 & 0.8082875 & 0.9071398 & 0.9614384 & 0.9372602 & 0.9140365 & 0.9795374 & 0.9299698 & 0.9819216 & 0.8750338\\\\\n",
       "\tQ & 0.9266419 & 0.9066921 & 0.8563851 & 0.9516053 & 0.9448925 & 0.9093864 & 0.8322717 & 0.9275125 & 0.9588659 & 0.9059977 & 0.9594762 & 0.9522082 & 0.9469637 & 0.9409377 & 0.9040642 & 0.9286213 & 1.0000000 & 0.7479696 & 0.9505346 & 0.9627917 & 0.8790836 & 0.8393755 & 0.9352825 & 0.9736140 & 0.9197670 & 0.9076218\\\\\n",
       "\tR & 0.8351959 & 0.8076620 & 0.7867507 & 0.7793671 & 0.8050745 & 0.8177779 & 0.8472358 & 0.7516430 & 0.7981129 & 0.7928134 & 0.8027407 & 0.7809955 & 0.8172749 & 0.7483399 & 0.8221549 & 0.8082875 & 0.7479696 & 1.0000000 & 0.7733437 & 0.7600202 & 0.8309973 & 0.8316221 & 0.8210285 & 0.7591794 & 0.8137217 & 0.6645410\\\\\n",
       "\tS & 0.9367330 & 0.8945220 & 0.8610035 & 0.9834202 & 0.9431427 & 0.8959847 & 0.8619185 & 0.8813369 & 0.9370749 & 0.9326874 & 0.9448532 & 0.9260431 & 0.9676153 & 0.9142418 & 0.9164337 & 0.9071398 & 0.9505346 & 0.7733437 & 1.0000000 & 0.9449046 & 0.8861258 & 0.8864899 & 0.9154419 & 0.9644700 & 0.9142963 & 0.8615926\\\\\n",
       "\tT & 0.9361463 & 0.9347058 & 0.8711984 & 0.9457186 & 0.9618801 & 0.9349397 & 0.8578079 & 0.9631713 & 0.9682894 & 0.9205522 & 0.9693921 & 0.9552189 & 0.9586955 & 0.9343868 & 0.9121987 & 0.9614384 & 0.9627917 & 0.7600202 & 0.9449046 & 1.0000000 & 0.8911439 & 0.8570571 & 0.9609711 & 0.9661822 & 0.9367602 & 0.8775359\\\\\n",
       "\tU & 0.9561562 & 0.9356221 & 0.9143770 & 0.9042153 & 0.9333993 & 0.9456911 & 0.9612783 & 0.8645365 & 0.9127674 & 0.9387786 & 0.9131394 & 0.9063983 & 0.9355078 & 0.8721609 & 0.9566113 & 0.9372602 & 0.8790836 & 0.8309973 & 0.8861258 & 0.8911439 & 1.0000000 & 0.9566607 & 0.9418688 & 0.9006750 & 0.9484904 & 0.7916754\\\\\n",
       "\tV & 0.9661054 & 0.9284404 & 0.8983730 & 0.9028912 & 0.9269322 & 0.9170207 & 0.9657117 & 0.8395676 & 0.8945642 & 0.9316362 & 0.8958605 & 0.8872303 & 0.9243534 & 0.8512553 & 0.9427304 & 0.9140365 & 0.8393755 & 0.8316221 & 0.8864899 & 0.8570571 & 0.9566607 & 1.0000000 & 0.9196052 & 0.8564504 & 0.9446372 & 0.7693580\\\\\n",
       "\tW & 0.9756025 & 0.9553050 & 0.9143539 & 0.9194420 & 0.9658469 & 0.9788746 & 0.9381118 & 0.9608561 & 0.9695084 & 0.9258285 & 0.9755237 & 0.9619779 & 0.9594816 & 0.9327314 & 0.9445918 & 0.9795374 & 0.9352825 & 0.8210285 & 0.9154419 & 0.9609711 & 0.9418688 & 0.9196052 & 1.0000000 & 0.9342643 & 0.9617708 & 0.8513371\\\\\n",
       "\tX & 0.9280432 & 0.9045575 & 0.8694685 & 0.9579395 & 0.9513410 & 0.9278391 & 0.8584284 & 0.9033842 & 0.9427056 & 0.9276369 & 0.9449115 & 0.9338568 & 0.9621090 & 0.9310063 & 0.9216954 & 0.9299698 & 0.9736140 & 0.7591794 & 0.9644700 & 0.9661822 & 0.9006750 & 0.8564504 & 0.9342643 & 1.0000000 & 0.9236115 & 0.8746127\\\\\n",
       "\tY & 0.9619069 & 0.9849656 & 0.9037264 & 0.9277055 & 0.9756136 & 0.9530767 & 0.9438833 & 0.9364736 & 0.9624789 & 0.9334534 & 0.9610078 & 0.9565577 & 0.9534519 & 0.9245582 & 0.9567040 & 0.9819216 & 0.9197670 & 0.8137217 & 0.9142963 & 0.9367602 & 0.9484904 & 0.9446372 & 0.9617708 & 0.9236115 & 1.0000000 & 0.8791049\\\\\n",
       "\tZ & 0.8521824 & 0.8771754 & 0.7777889 & 0.8575473 & 0.9074895 & 0.8253583 & 0.7514418 & 0.8911233 & 0.8783008 & 0.8267933 & 0.8888057 & 0.8978662 & 0.8276424 & 0.9231264 & 0.8046272 & 0.8750338 & 0.9076218 & 0.6645410 & 0.8615926 & 0.8775359 & 0.7916754 & 0.7693580 & 0.8513371 & 0.8746127 & 0.8791049 & 1.0000000\\\\\n",
       "\\end{tabular}\n"
      ],
      "text/markdown": [
       "1. 1\n",
       "2. 0.947159092562376\n",
       "3. 0.919123317622688\n",
       "4. 0.940312893075999\n",
       "5. 0.968969036868078\n",
       "6. 0.962136179182944\n",
       "7. 0.952981126886564\n",
       "8. 0.916752602844474\n",
       "9. 0.951295122859762\n",
       "10. 0.955163269383225\n",
       "11. 0.957745460625717\n",
       "12. 0.952110104038931\n",
       "13. 0.966036399681231\n",
       "14. 0.925628137369237\n",
       "15. 0.950514725446071\n",
       "16. 0.958371028852726\n",
       "17. 0.9266419264427\n",
       "18. 0.835195926743581\n",
       "19. 0.936732990299943\n",
       "20. 0.93614632377337\n",
       "21. 0.956156175751354\n",
       "22. 0.966105366098652\n",
       "23. 0.975602495494197\n",
       "24. 0.928043238365868\n",
       "25. 0.961906866425959\n",
       "26. 0.852182433635628\n",
       "27. 0.947159092562376\n",
       "28. 1\n",
       "29. 0.888810759251452\n",
       "30. 0.910817350248067\n",
       "31. 0.970390572536258\n",
       "32. 0.942524750578641\n",
       "33. 0.929430756040964\n",
       "34. 0.939506723650277\n",
       "35. 0.95983017708102\n",
       "36. 0.904016010919656\n",
       "37. 0.955494985186746\n",
       "38. 0.938714932437295\n",
       "39. 0.936396633836118\n",
       "40. 0.911181514548235\n",
       "41. 0.941624692663801\n",
       "42. 0.975041502805502\n",
       "43. 0.906692103012125\n",
       "44. 0.807661979991662\n",
       "45. 0.894521959646583\n",
       "46. 0.934705811227172\n",
       "47. 0.935622080511657\n",
       "48. 0.92844037841564\n",
       "49. 0.955305023029676\n",
       "50. 0.904557492037692\n",
       "51. 0.984965603335701\n",
       "52. 0.877175424415441\n",
       "53. 0.919123317622688\n",
       "54. 0.888810759251452\n",
       "55. 1\n",
       "56. 0.878810716157877\n",
       "57. 0.90772448231779\n",
       "58. 0.907897120197029\n",
       "59. 0.896533083823875\n",
       "60. 0.849149564496211\n",
       "61. 0.866683916456713\n",
       "62. 0.918002233890068\n",
       "63. 0.882513027192795\n",
       "64. 0.865326484833197\n",
       "65. 0.895038996947241\n",
       "66. 0.830850621982148\n",
       "67. 0.903348817883385\n",
       "68. 0.899874884900034\n",
       "69. 0.856385096673793\n",
       "70. 0.78675070223254\n",
       "71. 0.861003477938746\n",
       "72. 0.871198436128374\n",
       "73. 0.914376990742477\n",
       "74. 0.898373045025782\n",
       "75. 0.914353933678149\n",
       "76. 0.869468454952244\n",
       "77. 0.903726416573883\n",
       "78. 0.777788947841396\n",
       "79. 0.940312893075999\n",
       "80. 0.910817350248067\n",
       "81. 0.878810716157877\n",
       "82. 1\n",
       "83. 0.94770580805211\n",
       "84. 0.901797741123631\n",
       "85. 0.864625140108368\n",
       "86. 0.894269252031989\n",
       "87. 0.946572453704131\n",
       "88. 0.942981559160341\n",
       "89. 0.949861315978525\n",
       "90. 0.937080836773022\n",
       "91. 0.967782200656573\n",
       "92. 0.910452121303994\n",
       "93. 0.942048808566253\n",
       "94. 0.919143667491828\n",
       "95. 0.951605283726827\n",
       "96. 0.779367052168441\n",
       "97. 0.983420206566935\n",
       "98. 0.945718580519568\n",
       "99. 0.904215287357545\n",
       "100. 0.902891173668526\n",
       "101. 0.919441952341235\n",
       "102. 0.957939543320065\n",
       "103. 0.92770546035694\n",
       "104. 0.857547311319533\n",
       "105. 0.968969036868078\n",
       "106. 0.970390572536258\n",
       "107. 0.90772448231779\n",
